sub, task, cond1, cond2, rt, inputResp, training, accuracy, trial, block, 2fast
0, 0, 8, G, 0.87, G, NA, 1, 1, 1, NA
0, 0, 8, H, 0.8, H, NA, 1, 2, 1, NA
0, 0, 8, D, 0.8, D, NA, 1, 3, 1, NA
0, 0, 8, H, 0.7, H, NA, 1, 4, 1, NA
0, 0, 8, S, 0.64, S, NA, 1, 5, 1, NA
0, 0, 7, S, 0.59, S, NA, 1, 6, 1, NA
0, 0, 7, J, 0.97, J, NA, 1, 7, 1, NA
0, 0, 6, J, 0.57, J, NA, 1, 8, 1, NA
0, 0, 6, D, 0.75, D, NA, 1, 9, 1, NA
0, 0, 5, J, 1.04, J, NA, 1, 10, 1, NA
0, 0, 5, K, 0.81, K, NA, 1, 11, 1, NA
0, 0, 4, J, 0.63, J, NA, 1, 12, 1, NA
0, 0, 4, A, 0.77, A, NA, 1, 13, 1, NA
0, 0, 3, D, 0.69, D, NA, 1, 14, 1, NA
0, 0, 3, G, 0.99, G, NA, 1, 15, 1, NA
0, 0, 2, A, 0.65, A, NA, 1, 16, 1, NA
0, 0, 2, D, 0.73, D, NA, 1, 17, 1, NA
0, 0, 1, G, 1.13, G, NA, 1, 18, 1, NA
0, 0, 1, H, 0.77, H, NA, 1, 19, 1, NA
0, 0, 1, F, 1.57, F, NA, 1, 20, 1, NA
0, 0, 2, L, 1.1, D, NA, 0, 21, 1, NA
0, 0, 3, S, 0.99, G, NA, 0, 22, 1, NA
0, 0, 3, G, 1.1, G, NA, 1, 23, 1, NA
0, 0, 2, G, 0.61, G, NA, 1, 24, 1, NA
0, 0, 3, K, 1.17, J, NA, 0, 25, 1, NA
0, 0, 3, S, 0.75, S, NA, 1, 26, 1, NA
0, 0, 2, A, 0.62, A, NA, 1, 27, 1, NA
0, 0, 2, G, 2.06, G, NA, 1, 28, 1, NA
0, 0, 1, A, 0.77, A, NA, 1, 29, 1, NA
0, 0, 2, J, 2.92, S, NA, 0, 30, 1, NA
0, 0, 2, G, 1.68, G, NA, 1, 31, 1, NA
0, 0, 1, H, 1.21, H, NA, 1, 32, 1, NA
0, 0, 2, F, 0.99, A, NA, 0, 33, 1, NA
0, 0, 3, K, 1.15, F, NA, 0, 34, 1, NA
0, 0, 3, K, 0.53, K, NA, 1, 35, 1, NA
0, 0, 2, S, 0.62, S, NA, 1, 36, 1, NA
0, 0, 2, A, 0.73, A, NA, 1, 37, 1, NA
0, 0, 1, S, 0.63, S, NA, 1, 38, 1, NA
0, 0, 2, K, 0.95, J, NA, 0, 39, 1, NA
0, 0, 2, L, 0.78, L, NA, 1, 40, 1, NA
0, 0, 1, J, 0.8, J, NA, 1, 41, 1, NA
0, 0, 2, A, 0.66, S, NA, 0, 42, 1, NA
0, 0, 2, D, 0.68, D, NA, 1, 43, 1, NA
0, 0, 1, G, 0.89, G, NA, 1, 44, 1, NA
0, 0, 2, A, 0.94, G, NA, 0, 45, 1, NA
0, 0, 2, K, 0.68, K, NA, 1, 46, 1, NA
0, 0, 1, D, 0.73, D, NA, 1, 47, 1, NA
0, 0, 2, L, 0.74, S, NA, 0, 48, 1, NA
0, 0, 2, D, 0.61, D, NA, 1, 49, 1, NA
0, 0, 1, L, 0.81, L, NA, 1, 50, 1, NA
